16 25 35
16 25 -35
-16 25 -48
-25 -48 86
-25 -48 -86
32 48 53
32 48 -53
-32 48 -70
-32 -49 70
49 69 74
69 70 -74
49 -69 -94
24 -69 94
-24 83 94
-20 -24 -83
-24 81 -83
-66 -81 -83
3 66 -81
-3 -41 66
-3 -56 80
41 -56 -80
41 56 73
56 -73 -97
45 56 -73
-45 -60 -73
12 -45 -73
-12 60 -75
-12 75 95
58 75 -95
15 -58 -95
5 -15 -58
-5 11 -58
-5 -11 -76
-11 -29 76
65 76 -99
29 76 -99
29 43 99
-43 93 99
23 -43 -93
-23 -86 -93
-23 -93 -98
-67 -93 98
8 67 98
-8 -28 98
-8 -16 98
-8 28 -55
28 55 100
1 55 -100
-1 -21 -100
-1 21 -46
21 46 -85
21 71 85
21 -22 -71
22 40 -71
46 51 67
22 -46 51
-40 51 60
51 -60 -67
-4 -40 -51
4 -51 82
4 26 -82
-26 28 -62
-28 -62 -82
-26 -52 62
52 57 62
-57 62 -64
-37 -57 64
19 64 -77
-19 37 -77
13 37 77
-13 -44 77
-13 44 89
-34 44 -89
34 68 -89
-9 34 -68
50 -91 97
9 50 -97
9 -68 -91
36 86 91
36 -68 91
6 -36 91
6 -36 -49
-6 -36 90
-6 65 -90
-31 -65 -90
31 -65 -87
25 -65 87
14 31 87
-14 18 -25
-14 -18 -72
-14 -18 -30
-14 72 84
-33 72 84
-27 30 75
30 -75 -84
27 78 -84
59 -78 -80
-59 -80 -84
24 79 80
-78 79 80
38 -78 -79
-38 -79 88
19 -38 -88
-38 -88 -96
-19 42 96
-39 -42 94
-39 -94 96
-17 20 -42
-17 -20 39
-10 17 38
-10 17 39
10 17 74
-7 10 -74
7 12 41
7 41 -92
7 -41 -92
-33 -74 92
-2 33 54
-2 -54 92
2 33 50
2 -50 -63
27 47 63
-50 -61 63
-27 -61 63
-50 -53 61
53 54 61
47 53 -54
35 -47 -54
-35 -47 59
52 78 95
23 26 89
-29 45 -98
-31 -66 -76
-21 -30 -55
-22 -52 -85
20 -34 100
45 -63 90
-16 -52 -72
3 -33 -44
-9 15 26
13 -70 85
-37 -63 -75
31 40 54
-87 88 -96
-15 -59 82
3 23 93
19 -31 -39
-34 58 68
1 15 -34
14 43 71
8 30 57
-4 18 73
5 18 88
-7 11 83
-64 68 81
30 35 -37
-9 12 97
-4 42 93
-7 -21
-7 -10 81
