50 62 92
50 55 -92
-55 62 -92
-50 62 80
-80 83 99
-50 -80 -99
10 45 -62
-10 53 -62
45 -53 83
-45 58 83
-45 48 -58
-83 92 93
48 -83 -93
48 -83 -92
14 53 54
8 14 -53
8 -14 54
-8 41 -48
-41 57 74
-8 -57 74
11 -41 -74
-8 -41 -74
6 36 66
6 -36 66
-6 52 73
-6 66 -73
32 39 87
39 78 -87
32 -39 -54
-32 -66 81
-32 -54 -81
17 23 -78
-23 29 52
-29 52 61
-29 -61 -78
5 -17 52
-5 -17 -78
51 -52 98
-48 -51 98
2 -52 -98
-2 70 -98
58 -70 75
33 75 90
33 35 -90
-33 -58 -70
-2 73 -75
35 -73 96
-73 -75 -96
-35 -70 -98
26 72 95
72 79 95
1 26 -28
-26 -28 87
-26 -28 -87
7 37 -38
-1 27 67
31 71 -94
-18 -31 71
-13 34 -94
3 6 -67
-3 -67 -79
15 17 55
5 -55 93
-5 15 -55
-23 64 86
-1 -22 80
36 41 -53
-22 46 -51
-11 -65 -81
18 -21 -27
-11 -21 -27
26 -35 40
-12 49 -95
-12 -49 -95
28 57 61
28 -57 -65
-4 -57 69
5 -25 77
-47 57 -79
34 -38 -76
11 -68 -71
30 65 85
-30 69 85
56 -69 77
-56 65 -69
40 64 -88
3 -19 -89
-3 -31 -89
10 -42 43
18 24 31
-18 34 -39
24 -34 -39
25 -30 71
-49 79 90
22 -37 40
-10 56 94
43 46 -61
-9 -14 20
26 59 65
-19 26 -59
4 9 -68
-9 -40 -93
-46 49 56
-36 57 76
-1 82 97
82 -96 97
4 18 82
-59 67 68
-17 30 -91
1 28 29
30 -60 -72
-4 12 81
-10 19 -79
-47 81 100
47 -90
44 -56 91
13 -44 88
-64 -85 -99
9 44 -100
-4 68 -88
-20 33 38
2 27 89
21 -57 -60
-37 -79 99
78 88 96
-56 -77 -82
-16 -44 -91
-16 29 -84
-66 -71 -86
-25 88 -97
7 -59 -82
-28 42 -63
-42 -71 -76
-20 -24 -56
-15 59
-46 60 84
-33 -34 73
-49 60 63
47 76 -88
-24 -90 91
-44 -72 100
12 20 21
-3 -13 16
16 63 -64
42 -97 -100
-5 -7 -84
38 51 84
-43 -87 -88
25 -63 86
-32 59 -77
13 23 -86
22 -44 65
-34 37 -99
-15 30 -40
-16 38 86
32 -43 89
19 -43 -46
46 -74 -82
38 -85 94
-7 -64 70
